optimize (integer genes)
R  Gain f/b   SWR  SWR  Eval   Generations
01 6.71 10.85 1.78 1.98 108.52  30
02 6.65 10.48 1.76 1.80 287.75  90
03 6.45 12.18 1.76 1.89 101.81  60
04 6.99  6.27 2.16 2.03  80.04 100
05 6.48 11.65 1.78 1.73 277.56  30
06 6.17 14.82 1.79 1.76 255.39  40
07 6.61 10.80 1.76 1.79 286.04  50 *H* -X 438.95: 6.40 SWR: 1.6 f/b 11.6
08 6.29 12.43 1.74 1.72 262.97 140
09 6.84  7.73 1.93 1.80 111.91  20
10 6.02 13.42 1.79 1.77 238.74  70
11 6.48 10.61 1.72 1.70 275.40 220
12 6.84  9.96 2.16 1.99  80.57  70
13 6.56 10.08 1.76 1.78 276.95 160
14 6.99 11.42 2.02 1.82  87.27  20 *H* +X 438.95: 7.18 SWR: 1.5 f/b  8.75
15 6.67  9.88 1.76 1.78 289.26  30 *N* -X 438.95: 6.48 SWR: 1.6 f/b 10.9
16 6.47 10.80 1.72 1.72 274.99 160
17 6.47 10.91 1.77 1.68 275.34  90
18 6.65 16.05 1.74 1.93 114.36  50
19 6.33 11.31 1.76 1.57 268.47  50
20 6.99 10.14 1.98 1.79 118.02  40 *H* +X 438.95: 7.14 SWR: 1.5 f/b  7.6
21 6.47 10.71 1.77 1.67 275.77 200
22 6.36 10.89 1.70 1.79 258.62 130
23 6.97 10.93 1.94 1.78 119.58  30 *H* +X 438.95: 7.15 SWR: 1.5 f/b  8.2
24 6.44 10.87 1.77 1.62 276.79 230
25 7.12  7.97 2.15 1.95  86.18  70
26 6.54 11.16 1.79 1.71 282.80  30
27 6.60 18.53 1.76 1.95 115.26  60
28 6.60 10.06 1.78 1.76 282.12  40
29 6.47 10.80 1.72 1.72 274.99 100
30 6.00 13.17 1.80 1.76 233.58  20
31 6.30 12.35 1.72 1.72 264.69 120
32 6.47 10.99 1.73 1.74 274.40 140
33 6.18 12.46 1.79 1.78 249.92  70
34 6.45 11.12 1.79 1.65 275.91 120
35 6.43 10.88 1.69 1.73 270.28 100
36 6.48 10.61 1.72 1.70 275.40  60
37 6.24 12.33 1.76 1.60 263.00  30
38 6.35 16.72 1.79 1.80 274.89  20
39 6.50 11.00 1.79 1.66 280.30  40
40 6.45 12.00 1.79 1.80 267.04  30
41 6.05 12.35 1.69 1.71 243.39  80
42 5.90 11.68 1.61 1.53 235.08  20

        Col  Mean   std dev
          R:  21.50   12.12
       Gain:   6.50    0.28
        f/b:  11.46    2.14
        SWR:   1.80    0.12
        SWR:   1.77    0.11
       Eval: 225.03   74.70
Generations:  77.62   55.54


gray (binary gene with gray encoded real values)
R  Gain f/b   SWR  SWR  Eval   Generations
01 6.32 10.96 1.68 1.78 256.73 170
02 6.32 10.96 1.68 1.78 256.73 140
03 7.14 10.42 2.12 2.19  87.83 110         +X 438.95: 7.26 SWR: 1.8 f/b  7
04 6.82 10.03 2.05 1.91  81.50  50
05 6.51 11.56 1.79 1.72 280.53  40
06 5.78 10.71 1.77 1.79 211.57  70
07 6.11 14.19 1.78 1.79 245.82  50
08 6.06 13.66 1.77 1.79 238.90 160
09 7.03 13.65 2.27 2.46  82.48  50
10 6.42 17.41 1.79 1.79 287.54  60
11 6.63 16.68 1.78 1.80 305.84  40 *H* *B* +X 438.95: 6.90 SWR: 1.5 f/b 13
12 6.70 19.41 2.00 1.80 117.19  40 *H* *B* +X 438.95: 6.98 SWR: 1.5 f/b 14  
13 6.51 19.30 1.80 1.77 300.39  60 *B*     +X 438.95: 6.79 SWR: 1.5 f/b 15
14 6.47 11.77 1.78 1.74 277.41 170
15 3.38  0.87 1.37 1.52  65.87  40
16 6.34 16.19 1.80 1.76 274.65  40
17 6.58 11.29 1.79 1.77 283.82  50
18 6.67 10.16 1.79 1.79 289.87  70 *N*     -X 438.95: 6.46 SWR: 1.6 f/b 11
19 6.34 16.19 1.80 1.76 274.65  70
20 7.11  9.17 1.90 2.09  89.49  60
21 7.00  8.00 2.29 2.09  81.76  30
22 6.49 10.77 1.75 1.69 277.96 140
23 7.00  9.82 1.78 1.98 120.91  50
24 6.44 11.43 1.75 1.70 274.56 120
25 6.95 11.74 1.79 1.96 120.82  30
26 5.98 13.02 1.78 1.79 232.65  70
27 6.80  8.57 1.79 1.96 108.13  40
28 6.36 11.55 1.73 1.63 270.72 160
29 5.12  7.82 1.80 1.79 155.80  80
30 6.98 10.90 1.79 1.98 121.13  50
31 6.27 12.53 1.76 1.77 259.24  90
32 6.53 11.57 1.79 1.75 281.00  70
33 6.42 12.28 1.78 1.79 271.34  50
34 5.99 11.89 1.69 1.78 234.11  60
35 5.90 11.41 1.76 1.80 222.17 110
36 7.05  9.60 1.96 1.86  88.34 130 *H*     +X 438.95: 7.17 SWR: 1.6 f/b 7.2
37 6.33 11.54 1.66 1.67 267.93  90
38 6.56 11.29 1.80 1.77 282.79  70
39 6.53 10.93 1.77 1.73 279.42 120
40 6.45 18.18 1.78 1.77 293.18  90 *B*     +X 438.95: 6.74 SWR: 1.5 f/b 16
41 6.53 11.99 1.97 1.80 104.66  30
42 7.02  7.05 2.27 2.13  80.88 120

        Col  Mean   std dev
          R:  21.50   12.12
       Gain:   6.43    0.62
        f/b:  11.87    3.37
        SWR:   1.83    0.17
        SWR:   1.83    0.16
       Eval: 208.05   83.45
Generations:  79.52   41.17

bin (binary gene with BCD encoded real values)
R  Gain f/b   SWR  SWR  Eval   Generations
01 6.49 10.82 1.76 1.68 278.03  70 -X 431.350: 6.67 SWR: 1.51 f/b 10 438.95: 6.28 SWR: 1.51 f/b 11
02 7.15  8.04 2.03 2.07  88.43 100 +X 431.350: 6.97 SWR: 1.75 f/b 11 438.95: 7.17 SWR: 1.73 f/b  5
03 7.09 10.26 1.98 2.02  88.93  90 +X 431.350: 6.84 SWR: 1.75 f/b 13 438.95: 7.22 SWR: 1.67 f/b  8
04 4.87  7.17 1.59 1.78 144.10  40
05 7.14 10.36 2.09 2.20  88.01  60 +X 431.350: 6.89 SWR: 1.80 f/b 14 438.95: 7.26 SWR: 1.81 f/b  7
06 6.15 12.47 1.70 1.79 248.71 120
07 6.51 18.76 1.77 1.77 301.68  40 +X 431.350: 6.21 SWR: 1.57 f/b 26 438.95: 6.79 SWR: 1.53 f/b 14
08 6.32 11.69 1.74 1.61 268.11 140 -X 431.350: 6.50 SWR: 1.48 f/b 11 438.95: 6.11 SWR: 1.47 f/b 11
09 6.69  9.35 1.79 1.75 289.73  40 -X 431.350: 6.82 SWR: 1.47 f/b  8 438.95: 6.49 SWR: 1.61 f/b  7
10 6.69  9.39 1.80 1.73 287.48  70 -X 431.350: 6.80 SWR: 1.50 f/b  8 438.95: 6.47 SWR: 1.58 f/b  8
11 6.24 12.51 1.76 1.80 253.96  70
12 6.92  9.13 2.17 2.07  81.27  40 -X 431.350: 7.03 SWR: 1.68 f/b  7 438.95: 6.73 SWR: 1.86 f/b 11
13 6.22 12.52 1.74 1.80 253.50  80
14 5.99 11.18 1.69 1.78 225.09 120
15 6.49 10.60 1.78 1.64 278.60  90 -X 431.350: 6.66 SWR: 1.51 f/b 10 438.95: 6.29 SWR: 1.49 f/b 11
16 6.23 12.52 1.77 1.80 254.53 110
17 6.45 11.67 1.76 1.70 276.49  60 -X 431.350: 6.64 SWR: 1.46 f/b 11 438.95: 6.24 SWR: 1.57 f/b 12
18 7.02  9.46 1.95 1.78 120.25  40 +X 431.350: 6.79 SWR: 1.73 f/b 12 438.95: 7.14 SWR: 1.51 f/b 15
19 6.32 12.49 1.78 1.75 264.46 150 -X 431.350: 6.52 SWR: 1.49 f/b 12 438.95: 6.10 SWR: 1.58 f/b 12
20 6.47 11.58 1.75 1.79 273.72 170 -X 431.350: 6.66 SWR: 1.49 f/b 11 438.95: 6.26 SWR: 1.61 f/b 12
21 6.52 11.24 1.74 1.78 278.10 170 -X 431.350: 6.70 SWR: 1.48 f/b 10 438.95: 6.30 SWR: 1.60 f/b 12
22 7.17 10.10 2.23 2.40  86.43  90 +X 431.350: 6.93 SWR: 1.90 f/b 14 438.95: 7.27 SWR: 1.92 f/b  7
23 6.02 13.40 1.78 1.79 238.44  70
24 6.50 10.70 1.78 1.68 277.89 100 -X 431.350: 6.68 SWR: 1.49 f/b 10 438.95: 6.29 SWR: 1.54 f/b 11
25 6.45 11.63 1.79 1.68 276.73  30 -X 431.350: 6.64 SWR: 1.50 f/b 11 438.95: 6.24 SWR: 1.54 f/b 12
26 6.70  9.74 1.79 1.80 288.64  60 -X 431.350: 6.84 SWR: 1.50 f/b  8 438.95: 6.50 SWR: 1.64 f/b 11
27 6.43 11.71 1.76 1.72 272.81 160 -X 431.350: 6.62 SWR: 1.47 f/b 11 438.95: 6.22 SWR: 1.58 f/b 12
28 6.50 10.92 1.76 1.72 276.96 110 -X 431.350: 6.68 SWR: 1.49 f/b 10 438.95: 6.29 SWR: 1.57 f/b 11
29 6.40 11.45 1.74 1.65 273.21  40 -X 431.350: 6.58 SWR: 1.47 f/b 11 438.95: 6.19 SWR: 1.51 f/b 12
30 7.11 10.12 2.01 2.08  88.84 130 +X 431.350: 6.87 SWR: 1.76 f/b 13 438.95: 7.24 SWR: 1.71 f/b  7
31 6.40 12.00 1.78 1.69 272.13 190 -X 431.350: 6.59 SWR: 1.50 f/b 11 438.95: 6.19 SWR: 1.54 f/b 12
32 6.10 12.38 1.78 1.74 244.79  40
33 6.48 11.77 1.79 1.77 275.99  50 -X 431.350: 6.68 SWR: 1.50 f/b 11 438.95: 6.27 SWR: 1.60 f/b 12
34 6.34 11.50 1.74 1.62 268.37  80 -X 431.350: 6.52 SWR: 1.49 f/b 11 438.95: 6.13 SWR: 1.46 f/b 12
35 6.62  9.67 1.79 1.76 279.43  50 -X 431.350: 6.76 SWR: 1.52 f/b  8 438.95: 6.42 SWR: 1.62 f/b 11
36 5.82 10.92 1.70 1.80 216.15  50
37 6.42 12.09 1.80 1.70 273.95  50 -X 431.350: 6.61 SWR: 1.49 f/b 11 438.95: 6.21 SWR: 1.56 f/b 12
38 5.38  9.22 1.65 1.55 181.43  30
39 6.87  7.67 1.79 1.98 110.83 100 -X 431.350: 6.93 SWR: 1.50 f/b  6 438.95: 6.73 SWR: 1.78 f/b  9
40 6.58 10.10 1.79 1.72 281.75 250 -X 431.350: 6.74 SWR: 1.51 f/b  9 438.95: 6.38 SWR: 1.56 f/b 11
41 6.63  9.71 1.78 1.72 287.16 190 -X 431.350: 6.78 SWR: 1.46 f/b  9 438.95: 6.43 SWR: 1.58 f/b 11
42 6.73 14.47 1.79 1.79 307.90  30 +X 431.350: 6.45 SWR: 1.60 f/b 19 438.95: 6.98 SWR: 1.54 f/b 11

          R: 21.50 12.12
       Gain: 6.47 0.44
        f/b: 11.06 1.92
        SWR: 1.81 0.13
        SWR: 1.80 0.16
       Eval: 231.50 72.79
Generations: 89.76 51.89

bin (binary gene with BCD encoded real values, RTR)
R  Gain f/b   SWR  SWR  Eval   Generations
01 6.64  9.64 1.76 1.78 325.52 280
02 6.44 17.64 1.79 1.76 329.69 170
03 6.36 11.18 1.72 1.64 309.69 200
04 6.30 15.88 1.79 1.78 311.04 120
05 6.95 11.47 1.80 1.95 135.37 170
06 6.36 11.08 1.69 1.66 309.65 360
07 6.51 18.76 1.77 1.77 341.96 190
08 6.46 11.34 1.77 1.67 318.88 260
09 6.71  9.21 1.80 1.77 331.27 110
10 6.49 10.71 1.74 1.70 318.63 170
11 6.47 11.24 1.78 1.66 319.05 280
12 5.98 11.81 1.67 1.80 273.22 300
13 6.45 11.34 1.77 1.65 318.18 120
14 6.19 11.67 1.69 1.56 301.20 300
15 6.62  9.98 1.79 1.72 327.24 160
16 6.32 12.39 1.77 1.70 306.60 300
17 6.56 10.94 1.76 1.73 324.44 210
18 6.41 12.14 1.76 1.75 312.69 530
19 6.55 10.82 1.80 1.69 323.44 400
20 6.21 12.54 1.77 1.65 299.23 150
21 6.50 10.65 1.77 1.69 318.55 410
22 6.39 11.13 1.80 1.79 297.94 120
23 6.30 12.43 1.77 1.67 306.97 120
24 6.59 17.12 1.77 1.78 344.89 190
25 6.34 12.17 1.79 1.64 311.20 120
26 6.32 11.69 1.74 1.61 309.48 160
27 6.49 10.71 1.74 1.70 318.63 250
28 6.48 11.04 1.77 1.67 319.00 260
29 6.55 10.24 1.76 1.70 323.35 400
30 6.14 14.61 1.78 1.76 293.68 160
31 6.34 12.21 1.71 1.75 307.63 300
32 6.68  9.16 1.77 1.78 329.05 290
33 6.38 16.89 1.78 1.76 323.34 360
34 6.35 16.25 1.79 1.79 314.31 330
35 6.36 11.13 1.70 1.65 309.68 290
36 6.39 12.33 1.79 1.76 309.66 260
37 6.71  9.08 1.78 1.79 330.67 110
38 6.47 10.99 1.79 1.63 319.94 330
39 6.64  9.90 1.77 1.75 328.44 120
40 6.52 10.41 1.74 1.75 316.55 340
41 6.28 11.08 1.66 1.77 294.56 270
42 6.99  7.77 1.97 1.78 130.25 120

          R: 21.50 12.12
       Gain: 6.46 0.19
        f/b: 11.92 2.42
        SWR: 1.77 0.05
        SWR: 1.72 0.07
       Eval: 307.02 41.07
Generations: 240.24 100.96

float (Floating-Point Gene with Differential Evolution)
R  Gain f/b   SWR  SWR  Eval   Generations
01 6.57 17.75 1.75 1.79 344    680 Director
02 6.51 18.47 1.76 1.79 336    175 Director
03 6.62  9.67 1.80 1.73 325    611
04 6.60 16.96 1.76 1.77 345    338 Director
05 6.49 18.81 1.78 1.74 341    420 Director
06 6.67 15.55 1.75 1.79 347    498 Director
07 6.82 12.89 1.80 1.79 352    281 Director
08 6.29 12.52 1.76 1.73 303    215
09 6.43 11.80 1.69 1.78 314    272
10 6.38 11.47 1.66 1.72 311    193
11 6.51 19.12 1.79 1.76 342    178 Director
12 6.69 15.76 1.79 1.79 348    389 Director
13 6.66  9.85 1.78 1.76 329    274
14 6.58 11.18 1.77 1.79 322    305
15 6.52 19.48 1.76 1.79 342    293 Director
16 6.57 10.86 1.75 1.78 319    497
17 6.58 10.64 1.77 1.73 323    203
18 6.62 10.22 1.77 1.73 327    272
19 6.68  9.57 1.79 1.76 330    289
20 6.41 11.75 1.75 1.69 314    182
21 6.70 15.16 1.78 1.77 349    295 Director
22 6.62 17.80 1.80 1.79 346    425 Director
23 6.47 10.86 1.77 1.63 318    307
24 6.58 10.93 1.76 1.76 324    416
25 6.44 10.86 1.78 1.61 318    225
26 6.57 11.07 1.72 1.79 322    261
27 6.70 15.13 1.78 1.79 349    264 Director
28 6.32 16.14 1.75 1.79 316    142
29 6.42 11.27 1.75 1.64 313    181
30 6.57 10.70 1.70 1.79 320    292
31 6.21 12.53 1.73 1.76 292    144
32 6.58 18.29 1.79 1.76 344    661 Director
33 6.24 15.90 1.78 1.67 308    345
34 6.48 10.77 1.79 1.61 320    347
35 6.65  9.99 1.79 1.74 329    237
36 6.45 11.52 1.72 1.71 318    216
37 6.61 18.29 1.80 1.78 348    381 Director
38 6.74  8.61 1.79 1.80 332    266
39 6.68 15.68 1.79 1.76 346    339 Director
40 6.41 11.91 1.70 1.80 306    153
41 6.57 10.63 1.78 1.70 323    440
42 6.49 19.47 1.79 1.71 341    170 Director
43 6.26 12.56 1.79 1.73 299    229
44 6.62 16.38 1.75 1.80 346    238 Director
45 6.48 19.23 1.80 1.77 334    527
46 6.62  9.77 1.78 1.75 320    249
47 6.71  8.94 1.79 1.78 331    245
48 6.51 10.97 1.78 1.68 322    184
49 6.65 10.49 1.79 1.78 328    471
50 6.57 18.71 1.80 1.77 344    857

          R: 25.50 14.43
       Gain: 6.54 0.13
        f/b: 13.50 3.42
        SWR: 1.77 0.03
        SWR: 1.75 0.05
       Eval: 328.40 14.80
Generations: 321.44 150.22

