Fourth version with gray-code
R  Gain f/b   SWR  SWR  Eval   Generations
01 7.40  0.00 5.29 5.48  42.61 160 minimum l4 lL 31.8 dD 29
02 8.62  9.85 1.78 1.97 203.95 110 -X 431.35 G:8.2 SWR:1.6 f/b: 8 438.95 G:8.9 SWR:1.7 f/b:11
03 8.72  5.16 2.69 2.71 130.56 230 +X 431.35 G:8.4 SWR:2.2 f/b: 7 438.95 G:8.8 SWR:2.2 f/b: 4
04 9.51 10.33 2.53 2.64 174.28 180 -X 431.35 G:9.2 SWR:2.1 f/b:13 438.95 G:9.5 SWR:2.1 f/b: 8
05 8.24 28.20 1.61 1.68 575.99 140 -X 431.35 G:8.2 SWR:1.4 f/b:23 438.95 G:8.4 SWR:1.5 f/b:21
06 8.01 26.09 1.61 1.56 539.77 120 -X 431.35 G:8.0 SWR:1.4 f/b:23 438.95 G:8.1 SWR:1.4 f/b:21
07 4.76  0.60 1.79 1.80 106.77 100 Both d very near one at min
08 4.87  0.00 1.69 1.77 112.54 260 Both d at min
09 4.87  0.00 1.69 1.78 112.74 370 Both d at min
10 5.92  0.29 4.45 4.25  26.25  40
11 7.33  8.97 1.88 2.05  96.73  80
12 9.12 14.84 2.27 2.47 164.00 120 -X 431.35 G:8.8 SWR:1.9 f/b:19 438.95 G:9.4 SWR:2.0 f/b:11

          R: 6.50 3.45
       Gain: 7.28 1.67
        f/b: 8.69 9.58
        SWR: 2.44 1.15
        SWR: 2.51 1.14
       Eval: 190.52 171.30
Generations: 159.17 86.55

Fifth version with bcd coded genes and (hopefully) better eval function (swr cut-off 2)
R  Gain  f/b   SWR  SWR  Eval    Generations Evaluations
01  8.66 15.44 1.74 1.74  594.62  190          28344 -X 431.35 G:8.58 SWR:1.47 f/b:16 438.95 G:8.72 SWR:1.58 f/b:13
02  7.55 11.99 1.78 1.80  401.00  150          22222
03  5.23  7.55 1.80 1.78  158.45   50           7901
04  5.24  7.51 1.80 1.80  158.46  130          20433
05  6.52  6.32 2.35 2.16   66.16  200          29990
06  6.49  6.57 2.30 2.11   66.18  140          21701
07  7.77 14.38 1.80 1.92  162.24  280          41357
08  7.53 12.07 1.78 1.76  400.38   90          13979

          R:      4.50      2.29
       Gain:      6.87      1.15
        f/b:     10.23      3.43
        SWR:      1.92      0.24
        SWR:      1.88      0.15
       Eval:    250.94    178.96
Generations:    153.75     66.13
Evaluations:  23240.88   9566.70

Sixth version with bcd coded genes and cut-off for too high swr 3
R  Gain  f/b   SWR  SWR  Eval    Generations Evaluations
01  8.56 22.06 1.75 1.78  593.80  190          28788 8.55 -13.50 1.75 1.78
02  8.91 14.48 2.93 3.13  136.88   90          14424
03  6.50  6.74 2.33 2.15   66.22  160          24258
04  6.56  7.97 1.80 1.77  260.44   70          10704
05  7.79 15.06 1.79 1.80  439.92  100          15275
06  6.97 12.61 1.78 1.68  335.65   70          11708
07  8.44 14.19 1.77 1.73  551.47  120          18810 8.44  -5.74 1.76 1.72
08  6.98 12.64 1.80 1.80  321.66   40           6306
09  8.58 25.06 1.80 1.79  595.48  160          25026 8.57 -16.47 1.79 1.78
10  7.82 14.84 1.74 1.62  461.22   70          11433
11  7.31  8.13 1.80 1.93  130.87   40           6433
12  6.67  6.84 2.17 2.24   70.55  160          24699
13  8.13 22.12 1.80 1.77  520.27   80          13059
14  8.00 22.10 1.57 1.75  507.48  110          16327
15  7.05 10.98 1.78 1.77  334.86   50           8521
16  6.71 10.26 1.72 1.76  291.08   50           8367
17  9.49 10.09 2.66 2.84  168.84  120          18669 9.49  -0.59 2.65 2.84
18  7.92 14.10 1.80 1.80  456.37   40           7313
19  9.27 11.87 2.63 2.83  159.18   60           9844
20  7.21  8.71 2.05 2.10   90.14   70          10404
21  7.18 11.72 1.79 1.74  353.13  110          16421
22  7.65 15.66 1.80 1.78  416.36   70          11152
23  7.28 13.09 1.80 2.00  134.42   60           9972
24  8.67 15.38 2.92 3.06  127.15  130          20269
25  6.82 13.12 1.79 1.75  317.47   70          11753
26  7.68 12.57 1.80 1.76  421.89   90          14208
27  7.75 17.78 1.78 1.80  445.40   60          10271
28  9.53 10.25 2.23 2.41  185.50  110          17363 9.53  -0.72 2.23 2.40
29  9.34  9.95 2.43 2.28  172.64  120          17773
30  5.28  0.00 2.98 2.78   23.85  130          19863
31  7.71 18.67 1.43 1.62  470.03  100          14811
32  7.88  5.12 2.58 2.38  100.33  130          19531
33  5.42  7.78 1.80 1.97   63.98   60           9384
34  7.27  9.46 2.21 2.22   89.95   50           8780
35  7.42  8.10 1.80 1.95  134.19   50           7909
36  8.30 10.06 1.98 1.80  185.96  200          29711
37  8.53 19.96 1.77 1.76  582.52   60          10260 8.52 -11.42 1.77 1.76
38  7.48 11.66 1.78 1.80  388.67   70          11451
39  8.20 28.20 1.77 1.79  550.96   90          13391
40  8.44 27.47 1.65 1.80  593.47   70          10544 8.44 -19.02 1.65 1.79
41  6.43  7.27 2.52 2.34   62.80  180          27538
42  8.46 27.41 1.80 1.99  217.83   50           8188 8.45 -18.94 1.79 1.99

          R:     21.50     12.12
       Gain:      7.70      0.97
        f/b:     13.61      6.32
        SWR:      2.00      0.39
        SWR:      2.02      0.39
       Eval:    298.35    180.67
Generations:     93.10     42.73
Evaluations:  14545.50   6245.65
