Integer genes, large offset in eval function
R  Gain f/b   SWR  SWR  Eval   Generations
01 5.78  6.72 1.75 1.80 237.74 250
02 5.17 13.14 1.38 1.50 235.02  70
03 5.00 18.61 1.52 1.57 236.01 100
04 5.85  7.86 1.75 1.78 250.86  70
05 5.02 13.20 1.32 1.51 226.32  50
06 5.02 15.27 1.49 1.49 231.80 150
07 5.26 15.48 1.54 1.54 245.37 290
08 4.92 10.96 1.20 1.40 219.33  70
09 5.93 12.19 1.76 1.79 270.91 130
10 5.03 20.03 1.55 1.57 244.84 180
11 5.10 14.00 1.54 1.50 231.21 120
12 5.64  7.99 1.50 1.64 241.03  80
13 5.71  7.92 1.53 1.69 243.57 150
14 5.42 12.24 1.57 1.58 243.49 140
15 5.87 11.31 1.73 1.75 265.10  80
16 5.26 16.65 1.62 1.63 243.64  50
17 5.78 13.95 1.66 1.75 267.85 160
18 5.61  9.65 1.52 1.66 245.52  60
19 5.13 10.22 1.30 1.49 224.09  60
20 4.99 19.97 1.53 1.54 243.90 140
21 5.73 20.62 1.72 1.77 283.64 140
22 5.27 16.02 1.69 1.70 239.11  30
23 5.88 13.71 1.74 1.77 273.13  60
24 5.27 15.39 1.54 1.54 245.62 190
25 5.68  7.14 1.52 1.71 237.82  70
26 5.05 21.97 1.62 1.78 238.25  80
27 5.76  9.27 1.67 1.72 250.48 150
28 5.72  8.29 1.56 1.69 245.40 120
29 5.17 21.38 1.66 1.68 251.76 140
30 5.24 14.95 1.49 1.53 243.65 300
31 5.38 11.40 1.55 1.55 238.53 140
32 5.73  8.23 1.55 1.71 246.30 170
33 5.89  7.79 1.77 1.80 252.12 100
34 5.53 12.97 1.76 1.73 243.95  80
35 5.17  9.24 1.28 1.48 224.13  50
36 5.26 12.41 1.39 1.55 236.96  60
37 5.04 14.71 1.50 1.49 230.93  70
38 5.15  8.41 1.26 1.45 220.72  40
39 5.15 20.25 1.63 1.59 250.05 110
40 5.54  7.60 1.45 1.59 234.65  90
41 5.80 18.37 1.74 1.78 280.79 140
42 5.34 21.36 1.79 1.79 252.81  60

          R: 21.50 12.12
       Gain: 5.41 0.32
        f/b: 13.31 4.54
        SWR: 1.56 0.15
        SWR: 1.63 0.12
       Eval: 244.49 14.67
Generations: 114.05 62.18

